Requirement already satisfied: tqdm in /zhome/61/4/109113/.local/lib/python3.10/site-packages (4.64.1)
Requirement already satisfied: torch in /zhome/61/4/109113/.local/lib/python3.10/site-packages (1.13.1)
Requirement already satisfied: nvidia-cublas-cu11==11.10.3.66 in /zhome/61/4/109113/.local/lib/python3.10/site-packages (from torch) (11.10.3.66)
Requirement already satisfied: typing-extensions in /zhome/61/4/109113/.local/lib/python3.10/site-packages (from torch) (4.4.0)
Requirement already satisfied: nvidia-cudnn-cu11==8.5.0.96 in /zhome/61/4/109113/.local/lib/python3.10/site-packages (from torch) (8.5.0.96)
Requirement already satisfied: nvidia-cuda-runtime-cu11==11.7.99 in /zhome/61/4/109113/.local/lib/python3.10/site-packages (from torch) (11.7.99)
Requirement already satisfied: nvidia-cuda-nvrtc-cu11==11.7.99 in /zhome/61/4/109113/.local/lib/python3.10/site-packages (from torch) (11.7.99)
Requirement already satisfied: wheel in /appl/python/3.10.7/lib/python3.10/site-packages (from nvidia-cublas-cu11==11.10.3.66->torch) (0.37.1)
Requirement already satisfied: setuptools in /appl/python/3.10.7/lib/python3.10/site-packages (from nvidia-cublas-cu11==11.10.3.66->torch) (65.3.0)
torch.Size([1, 480, 3])
torch.float32
tensor([[1.0000, 1.0000, 1.0000, 1.0000, 1.0000, 1.0000, 1.0000, 1.0000, 1.0000,
         1.0000, 1.0000, 1.0000, 1.0000, 1.0000, 1.0000, 1.0000, 1.0000, 1.0000,
         1.0000, 1.0000, 1.0000, 1.0000, 1.0000, 1.0000, 1.0000, 1.0000, 1.0000,
         1.0000, 1.0000, 1.0000, 1.0000, 1.0000, 1.0000, 1.0000, 1.0000, 1.0000,
         1.0000, 1.0000, 1.0000, 1.0000, 1.0000, 1.0000, 1.0000, 1.0000, 1.0000,
         1.0000, 1.0000, 1.0000, 1.0000, 1.0000, 1.0000, 1.0000, 1.0000, 1.0000,
         1.0000, 1.0000, 1.0000, 1.0000, 1.0000, 1.0000, 1.0000, 1.0000, 1.0000,
         1.0000, 1.0000, 1.0000, 1.0000, 1.0000, 1.0000, 1.0000, 1.0000, 1.0000,
         1.0000, 1.0000, 1.0000, 1.0000, 1.0000, 1.0000, 1.0000, 1.0000, 1.0000,
         1.0000, 1.0000, 1.0000, 1.0000, 1.0000, 1.0000, 1.0000, 1.0000, 1.0000,
         1.0000, 1.0000, 1.0000, 1.0000, 1.0000, 1.0000, 1.0000, 1.0000, 1.0000,
         1.0000, 1.0000, 1.0000, 1.0000, 1.0000, 1.0000, 1.0000, 1.0000, 1.0000,
         1.0000, 1.0000, 1.0000, 1.0000, 1.0000, 1.0000, 1.0000, 1.0000, 1.0000,
         1.0000, 1.0000, 1.0000, 1.0000, 1.0000, 1.0000, 1.0000, 1.0000, 1.0000,
         1.0000, 1.0000, 1.0000, 1.0000, 1.0000, 1.0000, 1.0000, 1.0000, 1.0000,
         1.0000, 1.0000, 1.0000, 1.0000, 1.0000, 1.0000, 1.0000, 1.0000, 1.0000,
         1.0000, 1.0000, 1.0000, 1.0000, 1.0000, 1.0000, 1.0000, 1.0000, 1.0000,
         1.0000, 1.0000, 1.0000, 1.0000, 1.0000, 1.0000, 1.0000, 1.0000, 1.0000,
         1.0000, 1.0000, 1.0000, 1.0000, 1.0000, 1.0000, 1.0000, 1.0000, 1.0000,
         1.0000, 1.0000, 1.0000, 1.0000, 1.0000, 1.0000, 1.0000, 1.0000, 1.0000,
         1.0000, 1.0000, 1.0000, 1.0000, 1.0000, 1.0000, 1.0000, 1.0000, 1.0000,
         1.0000, 1.0000, 1.0000, 1.0000, 1.0000, 1.0000, 1.0000, 1.0000, 1.0000,
         1.0000, 1.0000, 1.0000, 1.0000, 1.0000, 1.0000, 1.0000, 1.0000, 1.0000,
         1.0000, 1.0000, 1.0000, 1.0000, 1.0000, 1.0000, 1.0000, 1.0000, 1.0000,
         1.0000, 1.0000, 1.0000, 1.0000, 1.0000, 1.0000, 1.0000, 1.0000, 1.0000,
         1.0000, 1.0000, 1.0000, 1.0000, 1.0000, 1.0000, 1.0000, 1.0000, 1.0000,
         1.0000, 1.0000, 1.0000, 1.0000, 1.0000, 1.0000, 1.0000, 1.0000, 1.0000,
         1.0000, 1.0000, 1.0000, 1.0000, 1.0000, 1.0000, 1.0000, 1.0000, 1.0000,
         1.0000, 1.0000, 1.0000, 1.0000, 1.0000, 1.0000, 1.0000, 1.0000, 1.0000,
         1.0000, 1.0000, 1.0000, 1.0000, 1.0000, 1.0000, 1.0000, 1.0000, 1.0000,
         1.0000, 1.0000, 1.0000, 1.0000, 1.0000, 1.0000, 1.0000, 1.0000, 1.0000,
         1.0000, 1.0000, 1.0000, 1.0000, 1.0000, 1.0000, 1.0000, 1.0000, 1.0000,
         1.0000, 1.0000, 1.0000, 1.0000, 1.0000, 1.0000, 1.0000, 1.0000, 1.0000,
         1.0000, 1.0000, 1.0000, 1.0000, 1.0000, 1.0000, 1.0000, 1.0000, 1.0000,
         1.0000, 1.0000, 1.0000, 1.0000, 1.0000, 1.0000, 1.0000, 1.0000, 1.0000,
         1.0000, 1.0000, 1.0000, 1.0000, 1.0000, 1.0000, 1.0000, 1.0000, 1.0000,
         1.0000, 1.0000, 1.0000, 1.0000, 1.0000, 1.0000, 1.0000, 1.0000, 1.0000,
         1.0000, 1.0000, 1.0000, 1.0000, 1.0000, 1.0000, 1.0000, 1.0000, 1.0000,
         1.0000, 1.0000, 1.0000, 1.0000, 1.0000, 1.0000, 1.0000, 1.0000, 1.0000,
         1.0000, 1.0000, 1.0000, 1.0000, 1.0000, 1.0000, 1.0000, 1.0000, 1.0000,
         1.0000, 1.0000, 1.0000, 1.0000, 1.0000, 1.0000, 1.0000, 1.0000, 1.0000,
         1.0000, 1.0000, 1.0000, 1.0000, 1.0000, 1.0000, 1.0000, 1.0000, 1.0000,
         1.0000, 1.0000, 1.0000, 1.0000, 1.0000, 1.0000, 1.0000, 1.0000, 1.0000,
         1.0000, 1.0000, 1.0000, 1.0000, 1.0000, 1.0000, 1.0000, 1.0000, 1.0000,
         1.0000, 1.0000, 1.0000, 1.0000, 1.0000, 1.0000, 1.0000, 1.0000, 1.0000,
         1.0000, 1.0000, 1.0000, 1.0000, 1.0000, 1.0000, 1.0000, 1.0000, 1.0000,
         1.0000, 1.0000, 1.0000, 1.0000, 1.0000, 1.0000, 1.0000, 1.0000, 1.0000,
         1.0000, 1.0000, 1.0000, 1.0000, 1.0000, 1.0000, 1.0000, 1.0000, 1.0000,
         1.0000, 1.0000, 1.0000, 1.0000, 1.0000, 1.0000, 1.0000, 1.0000, 1.0000,
         1.0000, 1.0000, 1.0000, 1.0000, 1.0000, 1.0000, 1.0000, 1.0000, 1.0000,
         1.0000, 1.0000, 1.0000, 1.0000, 1.0000, 1.0000, 1.0000, 1.0000, 1.0000,
         1.0000, 1.0000, 1.0000, 1.0000, 1.0000, 1.0000, 1.0000, 1.0000, 1.0000,
         1.0000, 1.0000, 1.0000, 1.0000, 1.0000, 1.0000, 1.0000, 1.0000, 1.0000,
         1.0000, 1.0000, 1.0000]])
un_norm_pi
tensor([0.6803, 0.1757])
------------------------------
mix_comp_0
tensor([[1187.0287,  940.8149, -934.2291],
        [ 940.8149,  746.2800, -740.4086],
        [-934.2292, -740.4087,  735.9030]])
------------------------------
mix_comp_1
tensor([[ 9.2700e-01, -4.1767e+01,  4.1327e+01],
        [-4.1767e+01,  2.0843e+03, -2.0621e+03],
        [ 4.1327e+01, -2.0621e+03,  2.0405e+03]])
------------------------------
un_norm_priors
tensor([ 2.9793, -2.1683])
------------------------------
un_norm_Transition_matrix
tensor([[ 1.3197, -0.3467],
        [-0.6008,  1.3571]])
------------------------------
emission_model_0
tensor([[    54.0789,  -1244.0167,   1258.0348],
        [ -1244.0170,  28682.3945, -29002.1133],
        [  1258.0354, -29002.1133,  29325.7207]])
------------------------------
emission_model_1
tensor([[  681.7809,   861.7850,  -901.6170],
        [  861.7850,  1090.3239, -1140.4615],
        [ -901.6169, -1140.4614,  1193.3059]])
------------------------------
un_norm_pi
tensor([0.4604, 0.7351])
------------------------------
mix_comp_0
{'mu': tensor([0.5910, 0.5795, 0.5611]), 'kappa': tensor([18.9002])}
------------------------------
mix_comp_1
{'mu': tensor([0.0032, 0.6928, 0.7212]), 'kappa': tensor([13.3616])}
------------------------------
un_norm_priors
tensor([ 3.5367, -2.1373])
------------------------------
un_norm_Transition_matrix
tensor([[ 1.1223, -0.0795],
        [-0.3282,  1.0349]])
------------------------------
emission_model_0
{'mu': tensor([-0.0201,  0.6915,  0.7221]), 'kappa': tensor([19.2022])}
------------------------------
emission_model_1
{'mu': tensor([0.5828, 0.5832, 0.5660]), 'kappa': tensor([18.0221])}
------------------------------
