Requirement already satisfied: tqdm in /zhome/61/4/109113/.local/lib/python3.10/site-packages (4.64.1)
Requirement already satisfied: torch in /zhome/61/4/109113/.local/lib/python3.10/site-packages (1.13.1)
Requirement already satisfied: typing-extensions in /zhome/61/4/109113/.local/lib/python3.10/site-packages (from torch) (4.4.0)
Requirement already satisfied: nvidia-cuda-nvrtc-cu11==11.7.99 in /zhome/61/4/109113/.local/lib/python3.10/site-packages (from torch) (11.7.99)
Requirement already satisfied: nvidia-cuda-runtime-cu11==11.7.99 in /zhome/61/4/109113/.local/lib/python3.10/site-packages (from torch) (11.7.99)
Requirement already satisfied: nvidia-cublas-cu11==11.10.3.66 in /zhome/61/4/109113/.local/lib/python3.10/site-packages (from torch) (11.10.3.66)
Requirement already satisfied: nvidia-cudnn-cu11==8.5.0.96 in /zhome/61/4/109113/.local/lib/python3.10/site-packages (from torch) (8.5.0.96)
Requirement already satisfied: wheel in /appl/python/3.10.7/lib/python3.10/site-packages (from nvidia-cublas-cu11==11.10.3.66->torch) (0.37.1)
Requirement already satisfied: setuptools in /appl/python/3.10.7/lib/python3.10/site-packages (from nvidia-cublas-cu11==11.10.3.66->torch) (65.3.0)
torch.Size([1, 480, 3])
torch.float32
tensor([[1.0000, 1.0000, 1.0000, 1.0000, 1.0000, 1.0000, 1.0000, 1.0000, 1.0000,
         1.0000, 1.0000, 1.0000, 1.0000, 1.0000, 1.0000, 1.0000, 1.0000, 1.0000,
         1.0000, 1.0000, 1.0000, 1.0000, 1.0000, 1.0000, 1.0000, 1.0000, 1.0000,
         1.0000, 1.0000, 1.0000, 1.0000, 1.0000, 1.0000, 1.0000, 1.0000, 1.0000,
         1.0000, 1.0000, 1.0000, 1.0000, 1.0000, 1.0000, 1.0000, 1.0000, 1.0000,
         1.0000, 1.0000, 1.0000, 1.0000, 1.0000, 1.0000, 1.0000, 1.0000, 1.0000,
         1.0000, 1.0000, 1.0000, 1.0000, 1.0000, 1.0000, 1.0000, 1.0000, 1.0000,
         1.0000, 1.0000, 1.0000, 1.0000, 1.0000, 1.0000, 1.0000, 1.0000, 1.0000,
         1.0000, 1.0000, 1.0000, 1.0000, 1.0000, 1.0000, 1.0000, 1.0000, 1.0000,
         1.0000, 1.0000, 1.0000, 1.0000, 1.0000, 1.0000, 1.0000, 1.0000, 1.0000,
         1.0000, 1.0000, 1.0000, 1.0000, 1.0000, 1.0000, 1.0000, 1.0000, 1.0000,
         1.0000, 1.0000, 1.0000, 1.0000, 1.0000, 1.0000, 1.0000, 1.0000, 1.0000,
         1.0000, 1.0000, 1.0000, 1.0000, 1.0000, 1.0000, 1.0000, 1.0000, 1.0000,
         1.0000, 1.0000, 1.0000, 1.0000, 1.0000, 1.0000, 1.0000, 1.0000, 1.0000,
         1.0000, 1.0000, 1.0000, 1.0000, 1.0000, 1.0000, 1.0000, 1.0000, 1.0000,
         1.0000, 1.0000, 1.0000, 1.0000, 1.0000, 1.0000, 1.0000, 1.0000, 1.0000,
         1.0000, 1.0000, 1.0000, 1.0000, 1.0000, 1.0000, 1.0000, 1.0000, 1.0000,
         1.0000, 1.0000, 1.0000, 1.0000, 1.0000, 1.0000, 1.0000, 1.0000, 1.0000,
         1.0000, 1.0000, 1.0000, 1.0000, 1.0000, 1.0000, 1.0000, 1.0000, 1.0000,
         1.0000, 1.0000, 1.0000, 1.0000, 1.0000, 1.0000, 1.0000, 1.0000, 1.0000,
         1.0000, 1.0000, 1.0000, 1.0000, 1.0000, 1.0000, 1.0000, 1.0000, 1.0000,
         1.0000, 1.0000, 1.0000, 1.0000, 1.0000, 1.0000, 1.0000, 1.0000, 1.0000,
         1.0000, 1.0000, 1.0000, 1.0000, 1.0000, 1.0000, 1.0000, 1.0000, 1.0000,
         1.0000, 1.0000, 1.0000, 1.0000, 1.0000, 1.0000, 1.0000, 1.0000, 1.0000,
         1.0000, 1.0000, 1.0000, 1.0000, 1.0000, 1.0000, 1.0000, 1.0000, 1.0000,
         1.0000, 1.0000, 1.0000, 1.0000, 1.0000, 1.0000, 1.0000, 1.0000, 1.0000,
         1.0000, 1.0000, 1.0000, 1.0000, 1.0000, 1.0000, 1.0000, 1.0000, 1.0000,
         1.0000, 1.0000, 1.0000, 1.0000, 1.0000, 1.0000, 1.0000, 1.0000, 1.0000,
         1.0000, 1.0000, 1.0000, 1.0000, 1.0000, 1.0000, 1.0000, 1.0000, 1.0000,
         1.0000, 1.0000, 1.0000, 1.0000, 1.0000, 1.0000, 1.0000, 1.0000, 1.0000,
         1.0000, 1.0000, 1.0000, 1.0000, 1.0000, 1.0000, 1.0000, 1.0000, 1.0000,
         1.0000, 1.0000, 1.0000, 1.0000, 1.0000, 1.0000, 1.0000, 1.0000, 1.0000,
         1.0000, 1.0000, 1.0000, 1.0000, 1.0000, 1.0000, 1.0000, 1.0000, 1.0000,
         1.0000, 1.0000, 1.0000, 1.0000, 1.0000, 1.0000, 1.0000, 1.0000, 1.0000,
         1.0000, 1.0000, 1.0000, 1.0000, 1.0000, 1.0000, 1.0000, 1.0000, 1.0000,
         1.0000, 1.0000, 1.0000, 1.0000, 1.0000, 1.0000, 1.0000, 1.0000, 1.0000,
         1.0000, 1.0000, 1.0000, 1.0000, 1.0000, 1.0000, 1.0000, 1.0000, 1.0000,
         1.0000, 1.0000, 1.0000, 1.0000, 1.0000, 1.0000, 1.0000, 1.0000, 1.0000,
         1.0000, 1.0000, 1.0000, 1.0000, 1.0000, 1.0000, 1.0000, 1.0000, 1.0000,
         1.0000, 1.0000, 1.0000, 1.0000, 1.0000, 1.0000, 1.0000, 1.0000, 1.0000,
         1.0000, 1.0000, 1.0000, 1.0000, 1.0000, 1.0000, 1.0000, 1.0000, 1.0000,
         1.0000, 1.0000, 1.0000, 1.0000, 1.0000, 1.0000, 1.0000, 1.0000, 1.0000,
         1.0000, 1.0000, 1.0000, 1.0000, 1.0000, 1.0000, 1.0000, 1.0000, 1.0000,
         1.0000, 1.0000, 1.0000, 1.0000, 1.0000, 1.0000, 1.0000, 1.0000, 1.0000,
         1.0000, 1.0000, 1.0000, 1.0000, 1.0000, 1.0000, 1.0000, 1.0000, 1.0000,
         1.0000, 1.0000, 1.0000, 1.0000, 1.0000, 1.0000, 1.0000, 1.0000, 1.0000,
         1.0000, 1.0000, 1.0000, 1.0000, 1.0000, 1.0000, 1.0000, 1.0000, 1.0000,
         1.0000, 1.0000, 1.0000, 1.0000, 1.0000, 1.0000, 1.0000, 1.0000, 1.0000,
         1.0000, 1.0000, 1.0000, 1.0000, 1.0000, 1.0000, 1.0000, 1.0000, 1.0000,
         1.0000, 1.0000, 1.0000, 1.0000, 1.0000, 1.0000, 1.0000, 1.0000, 1.0000,
         1.0000, 1.0000, 1.0000, 1.0000, 1.0000, 1.0000, 1.0000, 1.0000, 1.0000,
         1.0000, 1.0000, 1.0000, 1.0000, 1.0000, 1.0000, 1.0000, 1.0000, 1.0000,
         1.0000, 1.0000, 1.0000, 1.0000, 1.0000, 1.0000, 1.0000, 1.0000, 1.0000,
         1.0000, 1.0000, 1.0000]])
un_norm_pi
tensor([0.2366, 0.9198])
------------------------------
mix_comp_0
tensor([[ 24550.8574, -42297.8555,  19509.4941],
        [-42353.6484,  85678.8984, -46404.9258],
        [ 19565.4609, -46457.0156,  28335.5645]])
------------------------------
mix_comp_1
tensor([[ 15966.1963, -14664.9443,  30762.2617],
        [-14665.8682,  53712.1641, -69451.8125],
        [ 30763.2051, -69450.8906, 101443.9688]])
------------------------------
un_norm_priors
tensor([ 3.2810, -2.0786])
------------------------------
un_norm_Transition_matrix
tensor([[ 0.7154, -0.1185],
        [ 1.0794,  0.5664]])
------------------------------
emission_model_0
tensor([[  5249.7354,  14796.6377, -17881.9238],
        [ 14796.6475,  42310.8867, -50974.4531],
        [-17881.9316, -50974.4453,  61453.5508]])
------------------------------
emission_model_1
tensor([[ 3.5240e+04, -3.6761e+01, -4.0278e+04],
        [-7.3912e+01,  1.7619e+04,  1.5853e+04],
        [-4.0311e+04,  1.5811e+04,  6.0188e+04]])
------------------------------
un_norm_pi
tensor([ 0.2192, -0.1534])
------------------------------
mix_comp_0
{'mu': tensor([0.0071, 0.6923, 0.7216]), 'kappa': tensor([12.4376])}
------------------------------
mix_comp_1
{'mu': tensor([0.5902, 0.5803, 0.5612]), 'kappa': tensor([18.1614])}
------------------------------
un_norm_priors
tensor([-1.9896,  3.4387])
------------------------------
un_norm_Transition_matrix
tensor([[ 0.8394, -0.5571],
        [-0.1277,  1.1848]])
------------------------------
emission_model_0
{'mu': tensor([0.5843, 0.5799, 0.5677]), 'kappa': tensor([17.6026])}
------------------------------
emission_model_1
{'mu': tensor([-0.0171,  0.6948,  0.7190]), 'kappa': tensor([17.7099])}
------------------------------
